400
1 1 0 1
1 1 1 2
1 1 2 3
1 1 3 4
1 1 4 5
1 1 5 6
1 1 6 7
1 1 7 8
1 1 8 9
1 1 9 10
1 1 10 11
1 1 11 12
1 1 12 13
1 1 13 14
1 1 14 15
1 1 15 16
1 1 16 17
1 1 17 18
1 1 18 19
1 1 19 20
1 1 20 21
1 1 21 22
1 1 22 23
1 1 23 24
1 1 24 25
1 1 25 26
1 1 26 27
1 1 27 28
1 1 28 29
1 1 29 30
1 1 30 31
1 1 31 32
1 1 32 33
1 1 33 34
1 1 34 35
1 1 35 36
1 1 36 37
1 1 37 38
1 1 38 39
1 1 39 40
1 1 40 41
1 1 41 42
1 1 42 43
1 1 43 44
1 1 44 45
1 1 45 46
1 1 46 47
1 1 47 48
1 1 48 49
1 1 49 50
1 1 50 51
1 1 51 52
1 1 52 53
1 1 53 54
1 1 54 55
1 1 55 56
1 1 56 57
1 1 57 58
1 1 58 59
1 1 59 60
1 1 60 61
1 1 61 62
1 1 62 63
1 1 63 64
1 1 64 65
1 1 65 66
1 1 66 67
1 1 67 68
1 1 68 69
1 1 69 70
1 1 70 71
1 1 71 72
1 1 72 73
1 1 73 74
1 1 74 75
1 1 75 76
1 1 76 77
1 1 77 78
1 1 78 79
1 1 79 80
1 1 80 81
1 1 81 82
1 1 82 83
1 1 83 84
1 1 84 85
1 1 85 86
1 1 86 87
1 1 87 88
1 1 88 89
1 1 89 90
1 1 90 91
1 1 91 92
1 1 92 93
1 1 93 94
1 1 94 95
1 1 95 96
1 1 96 97
1 1 97 98
1 1 98 99
1 1 99 100
1 2 100 201
1 2 201 302
1 2 302 403
1 2 403 504
1 2 504 605
1 2 605 706
1 2 706 807
1 2 807 908
1 2 908 1009
1 2 1009 1110
1 2 1110 1211
1 2 1211 1312
1 2 1312 1413
1 2 1413 1514
1 2 1514 1615
1 2 1615 1716
1 2 1716 1817
1 2 1817 1918
1 2 1918 2019
1 2 2019 2120
1 2 2120 2221
1 2 2221 2322
1 2 2322 2423
1 2 2423 2524
1 2 2524 2625
1 2 2625 2726
1 2 2726 2827
1 2 2827 2928
1 2 2928 3029
1 2 3029 3130
1 2 3130 3231
1 2 3231 3332
1 2 3332 3433
1 2 3433 3534
1 2 3534 3635
1 2 3635 3736
1 2 3736 3837
1 2 3837 3938
1 2 3938 4039
1 2 4039 4140
1 2 4140 4241
1 2 4241 4342
1 2 4342 4443
1 2 4443 4544
1 2 4544 4645
1 2 4645 4746
1 2 4746 4847
1 2 4847 4948
1 2 4948 5049
1 2 5049 5150
1 2 5150 5251
1 2 5251 5352
1 2 5352 5453
1 2 5453 5554
1 2 5554 5655
1 2 5655 5756
1 2 5756 5857
1 2 5857 5958
1 2 5958 6059
1 2 6059 6160
1 2 6160 6261
1 2 6261 6362
1 2 6362 6463
1 2 6463 6564
1 2 6564 6665
1 2 6665 6766
1 2 6766 6867
1 2 6867 6968
1 2 6968 7069
1 2 7069 7170
1 2 7170 7271
1 2 7271 7372
1 2 7372 7473
1 2 7473 7574
1 2 7574 7675
1 2 7675 7776
1 2 7776 7877
1 2 7877 7978
1 2 7978 8079
1 2 8079 8180
1 2 8180 8281
1 2 8281 8382
1 2 8382 8483
1 2 8483 8584
1 2 8584 8685
1 2 8685 8786
1 2 8786 8887
1 2 8887 8988
1 2 8988 9089
1 2 9089 9190
1 2 9190 9291
1 2 9291 9392
1 2 9392 9493
1 2 9493 9594
1 2 9594 9695
1 2 9695 9796
1 2 9796 9897
1 2 9897 9998
1 2 9998 10099
1 2 10099 10200
2 3 10100 10101
2 3 10101 10102
2 3 10102 10103
2 3 10103 10104
2 3 10104 10105
2 3 10105 10106
2 3 10106 10107
2 3 10107 10108
2 3 10108 10109
2 3 10109 10110
2 3 10110 10111
2 3 10111 10112
2 3 10112 10113
2 3 10113 10114
2 3 10114 10115
2 3 10115 10116
2 3 10116 10117
2 3 10117 10118
2 3 10118 10119
2 3 10119 10120
2 3 10120 10121
2 3 10121 10122
2 3 10122 10123
2 3 10123 10124
2 3 10124 10125
2 3 10125 10126
2 3 10126 10127
2 3 10127 10128
2 3 10128 10129
2 3 10129 10130
2 3 10130 10131
2 3 10131 10132
2 3 10132 10133
2 3 10133 10134
2 3 10134 10135
2 3 10135 10136
2 3 10136 10137
2 3 10137 10138
2 3 10138 10139
2 3 10139 10140
2 3 10140 10141
2 3 10141 10142
2 3 10142 10143
2 3 10143 10144
2 3 10144 10145
2 3 10145 10146
2 3 10146 10147
2 3 10147 10148
2 3 10148 10149
2 3 10149 10150
2 3 10150 10151
2 3 10151 10152
2 3 10152 10153
2 3 10153 10154
2 3 10154 10155
2 3 10155 10156
2 3 10156 10157
2 3 10157 10158
2 3 10158 10159
2 3 10159 10160
2 3 10160 10161
2 3 10161 10162
2 3 10162 10163
2 3 10163 10164
2 3 10164 10165
2 3 10165 10166
2 3 10166 10167
2 3 10167 10168
2 3 10168 10169
2 3 10169 10170
2 3 10170 10171
2 3 10171 10172
2 3 10172 10173
2 3 10173 10174
2 3 10174 10175
2 3 10175 10176
2 3 10176 10177
2 3 10177 10178
2 3 10178 10179
2 3 10179 10180
2 3 10180 10181
2 3 10181 10182
2 3 10182 10183
2 3 10183 10184
2 3 10184 10185
2 3 10185 10186
2 3 10186 10187
2 3 10187 10188
2 3 10188 10189
2 3 10189 10190
2 3 10190 10191
2 3 10191 10192
2 3 10192 10193
2 3 10193 10194
2 3 10194 10195
2 3 10195 10196
2 3 10196 10197
2 3 10197 10198
2 3 10198 10199
2 3 10199 10200
2 4 0 101
2 4 101 202
2 4 202 303
2 4 303 404
2 4 404 505
2 4 505 606
2 4 606 707
2 4 707 808
2 4 808 909
2 4 909 1010
2 4 1010 1111
2 4 1111 1212
2 4 1212 1313
2 4 1313 1414
2 4 1414 1515
2 4 1515 1616
2 4 1616 1717
2 4 1717 1818
2 4 1818 1919
2 4 1919 2020
2 4 2020 2121
2 4 2121 2222
2 4 2222 2323
2 4 2323 2424
2 4 2424 2525
2 4 2525 2626
2 4 2626 2727
2 4 2727 2828
2 4 2828 2929
2 4 2929 3030
2 4 3030 3131
2 4 3131 3232
2 4 3232 3333
2 4 3333 3434
2 4 3434 3535
2 4 3535 3636
2 4 3636 3737
2 4 3737 3838
2 4 3838 3939
2 4 3939 4040
2 4 4040 4141
2 4 4141 4242
2 4 4242 4343
2 4 4343 4444
2 4 4444 4545
2 4 4545 4646
2 4 4646 4747
2 4 4747 4848
2 4 4848 4949
2 4 4949 5050
2 4 5050 5151
2 4 5151 5252
2 4 5252 5353
2 4 5353 5454
2 4 5454 5555
2 4 5555 5656
2 4 5656 5757
2 4 5757 5858
2 4 5858 5959
2 4 5959 6060
2 4 6060 6161
2 4 6161 6262
2 4 6262 6363
2 4 6363 6464
2 4 6464 6565
2 4 6565 6666
2 4 6666 6767
2 4 6767 6868
2 4 6868 6969
2 4 6969 7070
2 4 7070 7171
2 4 7171 7272
2 4 7272 7373
2 4 7373 7474
2 4 7474 7575
2 4 7575 7676
2 4 7676 7777
2 4 7777 7878
2 4 7878 7979
2 4 7979 8080
2 4 8080 8181
2 4 8181 8282
2 4 8282 8383
2 4 8383 8484
2 4 8484 8585
2 4 8585 8686
2 4 8686 8787
2 4 8787 8888
2 4 8888 8989
2 4 8989 9090
2 4 9090 9191
2 4 9191 9292
2 4 9292 9393
2 4 9393 9494
2 4 9494 9595
2 4 9595 9696
2 4 9696 9797
2 4 9797 9898
2 4 9898 9999
2 4 9999 10100
