-5500.0 1000.0 2500.0 8000.0
10 0.7407 8 1.0 8 1.35
-5500.0 1000.0 2500.0 8000.0
10 0.7407 8 1.0 8 1.35
-9000.0 -6000.0 -3000.0 -2500.0 -1000.0 0.0 3000.0
8 1.0 6 0.6451 6 1.0 8 1.0 8 1.01 8 1.0
5
0 1 2 1 2 3 4 1000.0
1 0 3 0 3 0 1 0.001
2 0 3 0 3 1 2 0.005
3 0 3 0 3 2 5 0.01
5 0 3 0 3 5 6 0.0
6
1 1 0 3 0 3 0 0
1 2 0 3 0 0 0 6
1 3 0 3 3 3 0 6
1 4 0 0 0 3 0 6
1 5 3 3 0 3 0 6
1 1 0 3 0 3 6 6
1 2 1 2 3 4

-55000.0 2505.0 3755.0 55000.0
14 0.6536 16 1.0 10 1.89
-55000.0 2505.0 3755.0 55000.0
14 0.6536 16 1.0 10 1.89
-9000.0 -6000.0 -3000.0 -1690.0 -980.0 0.0 3000.0
6 0.89 12 0.9054 12 0.9434 10 1.0 10 1.06 8 1.32
5
0 1 2 1 2 3 4 6250000.0
1 0 3 0 3 0 1 0.001
2 0 3 0 3 1 2 0.005
3 0 3 0 3 2 5 0.01
5 0 3 0 3 5 6 0.0
6
1 1 0 3 0 3 0 0
1 2 0 3 0 0 0 6
1 3 0 3 3 3 0 6
1 4 0 0 0 3 0 6
1 5 3 3 0 3 0 6
1 1 0 3 0 3 6 6
1 2 1 2 3 4


-55000.0 2505.0 3755.0 55000.0
7 0.4082 8 1.0 5 3.95
-55000.0 2505.0 3755.0 55000.0
7 0.4082 8 1.0 5 3.95
-9000.0 -6000.0 -3000.0 -1690.0 -980.0 0.0 3000.0
3 0.7921 6 0.8197 6 0.885 5 1.0 5 1.12 4 1.75
5
0 1 2 1 2 3 4 625000.0
1 0 3 0 3 0 1 0.001
2 0 3 0 3 1 2 0.005
3 0 3 0 3 2 5 0.01
5 0 3 0 3 5 6 0.0
6
1 1 0 3 0 3 0 0
1 2 0 3 0 0 0 6
1 3 0 3 3 3 0 6
1 4 0 0 0 3 0 6
1 5 3 3 0 3 0 6
1 1 0 3 0 3 6 6
1 2 1 2 3 4
--------------------------
(x, y, z) сетка
[x0] ... [xn]
[n_x_0] [k_x_0] ... [n_x_n-1] [k_x_n-1]
[y0] ... [ym]
[n_y_0] [k_y_0] ... [n_y_m-1] [k_y_m-1]
[z0] ... [zk]
[n_z_0] [k_z_0] ... [n_z_k-1] [k_z_k-1]
[areas_amount]
[area_num_i] [x0_i] [x1_i] [y0_i] [y1_i] [z0_i] [z1_i] [sigma_i]
[anomaly_borders]

н x x y y z z s
о 0 1 0 1 0 1 i
м             g
е             m
р             a

о
б
л
а
с
т
и
[anomaly_borders]