-4500.0 1000.0 2500.0 9000.0
5 0.3571 1 1.0 4 3.9
-9000.0 -2500.0 -1000.0 4500.0
4 0.2564 1 1.0 5 2.8
-9000.0 -6000.0 -3000.0 -2000.0 -750.0 0.0 3000.0
4 1.0 3 0.606 4 0.5 1 1.0 3 2.0 3 1.65
5
0 1 2 1 2 3 4 125.5
1 0 3 0 3 0 1 0.001
2 0 3 0 3 1 3 0.005
3 0 3 0 3 3 5 0.01
5 0 3 0 3 5 6 0.0
6
1 1 0 3 0 3 0 0
1 2 0 3 0 0 0 6
1 3 0 3 3 3 0 6
1 4 0 0 0 3 0 6
1 5 3 3 0 3 0 6
1 1 0 3 0 3 6 6
1 2 1 2 3 4
--------------------------
(x, y, z) сетка
[x0] ... [xn]
[n_x_0] [k_x_0] ... [n_x_n-1] [k_x_n-1]
[y0] ... [ym]
[n_y_0] [k_y_0] ... [n_y_m-1] [k_y_m-1]
[z0] ... [zk]
[n_z_0] [k_z_0] ... [n_z_k-1] [k_z_k-1]
[areas_amount]
н x x y y z z s
о 0 1 0 1 0 1 i
м             g
е             m
р             a

о
б
л
а
с
т
и
[anomaly_borders]