-4500.0 1000.0 2000.0 2500.0 3500.0 9000.0
7 0.5479 2 1.0 1 1.0 2 1.0 7 1.825
-9000.0 -3500.0 -2000.0 -500.0 1000.0 2500.0 8000.0
7 0.5479 1 1.0 3 0.241 3 4.15 1 1.0 7 1.825
-9000.0 -6000.0 -3500.0 -3000.0 -2500.0 -2000.0 -1000.0 0.0 3000.0
2 1.0 3 0.2105 1 1.0 2 0.1538 1 1.0 2 1.0 3 3.25 4 1.02
6
0 1 3 4 5 4 6 100.0
0 2 4 1 2 2 5 125.0
1 0 5 0 6 0 1 0.001
2 0 5 0 6 1 3 0.005
3 0 5 0 6 3 7 0.01
5 0 5 0 6 7 8 0.0
6
1 1 0 5 0 6 0 0
1 2 0 5 0 0 0 8
1 3 0 5 6 6 0 8
1 4 0 0 0 6 0 8
1 5 5 5 0 6 0 8
1 1 0 5 0 6 6 8
1 3 4 5 4 6
2 4 1 2 2 5
--------------------------
(x, y, z) сетка
[x0] ... [xn]
[n_x_0] [k_x_0] ... [n_x_n-1] [k_x_n-1]
[y0] ... [ym]
[n_y_0] [k_y_0] ... [n_y_m-1] [k_y_m-1]
[z0] ... [zk]
[n_z_0] [k_z_0] ... [n_z_k-1] [k_z_k-1]
[areas_amount]
н x x y y z z s
о 0 1 0 1 0 1 i
м             g
е             m
р             a

о
б
л
а
с
т
и
[anomaly_borders]